8.685237
8.927594
9.136990
9.013215
8.840442
22.712187
21.508432
22.017597
21.783585
20.385058
43.051636
42.055691
44.084444
45.218497
46.629069
5.197007
4.908792
5.105543
5.070819
5.048145
2.845449
2.902270
2.848970
2.899570
2.889347
2.291499
2.258562
2.238137
2.256185
2.267216
2.006425
1.965904
1.953356
2.027768
1.994226
1.779582
1.832183
1.821558
1.813007
1.796681
12.775682
12.203389
11.939284
11.666252
11.407234
6.785363
6.992145
6.876045
6.913666
7.021481
5.483960
5.552416
5.463879
5.607728
5.465074
4.809562
4.769410
4.876928
4.901973
4.861714
4.454542
4.505446
4.366221
4.484095
4.481050
23.549288
23.547694
22.740052
23.274660
22.616733
13.564234
13.632141
13.678398
13.623325
13.869502
11.238073
11.332117
11.305703
11.352530
11.212849
9.764356
9.690612
9.630598
9.735315
9.689748
8.812406
8.712305
8.747598
8.913290
8.924674
